27164
25344
18231
52
20149
26014
12908
25060
10334
3649
11451
15822
2484
7873
11733
1613
18205
6829
7433
10122
11612
4015
3899
13260
1527
30909
26787
2181
1353
10245
24139
14360
32357
25493
4934
17515
30897
8398
19889
30257
831
2694
32619
23796
25066
15872
7828
17381
28725
27277
2502
10083
21987
16382
29718
30541
26966
22481
5321
12808
23464
1303
5846
9295
2699
14118
1056
22974
5089
23300
10352
2588
1818
26510
10292
3947
20561
107
18169
12465
14630
23476
6570
19845
7001
22113
8326
13912
8491
25458
1251
15753
12149
16865
30372
19751
21893
9547
25979
3459
24252
15704
4575
26749
25064
18415
12748
30092
27234
6684
9534
6794
5863
19388
30315
27973
18999
29166
8643
8646
18799
5177
25000
4447
25639
18557
31213
9846
587
8603
16144
14612
13242
23780
21816
10285
7584
31298
25325
15277
24980
11048
13209
6983
23152
17467
1474
26108
19188
7613
261
13933
23066
3774
4050
8162
31031
28417
6377
28694
4054
19375
21656
16840
2388
15038
14769
11266
8251
31007
15949
6696
863
16298
26692
6336
12474
31434
26983
8963
8713
20712
17284
15655
10019
9112
12311
26474
2588
30598
18384
13790
22813
28446
9673
6391
29185
17406
643
8918
11184
27421
678
21843
14652
20408
13685
17613
8893
20736
32531
7089
28652
28293
27255
19147
24706
20320
7984
29263
20046
4131
30426
20390
5401
898
28252
15354
7226
20926
28391
1920
24056
8917
10926
15752
2210
16235
2405
7494
5488
21622
24700
21342
28952
17837
29464
16433
4656
15022
30166
22250
6470
21233
4670
24903
22209
11377
9737
13352
21110
10516
14867
8408
12553
7903
27934
12063
4874
24282
20044
27652
18891
16068
25435
22882
32259
4471
22174
18993
9252
14873
2239
14226
23164
17928
566
23191
3342
14723
136
5848
31533
31513
6976
439
31454
2514
15534
4718
5611
27167
27234
18141
23751
30082
6503
18709
2853
30972
2624
24996
23127
20027
26788
17054
7527
23424
11001
30576
759
9810
28049
1380
6360
25828
17830
2291
28013
14919
18454
23502
27326
2383
16351
4011
18267
2631
20570
18896
10487
3924
32568
19297
21696
9130
25149
12905
2431
29040
27838
16297
24436
6772
6363
11556
18927
28558
26749
24934
5806
13014
31247
2968
1786
20613
11515
29765
24192
15020
4587
3818
1008
21399
8892
6207
3927
4862
32322
19784
25149
20977
9151
1818
9598
27009
27168
18286
18665
4143
12029
487
24730
8726
31054
11811
31767
16343
3054
28291
21293
28744
9170
22459
25736
12508
24070
9496
25109
8400
363
26004
1816
13083
10290
28060
13324
4883
1303
6555
27710
10207
16478
11598
4392
25248
10382
23495
30606
17246
13040
17470
12890
16564
1990
28571
12088
32316
5708
6852
241
32184
27760
22950
29577
14085
20048
24325
17943
17088
18808
29956
9831
949
16344
29300
19025
31500
9862
14556
17110
13106
29753
1868
25856
28040
31617
11746
25720
32462
11463
28185
31716
1614
31753
5077
16135
27592
26194
4911
29334
20513
21242
14080
1499
23754
19618
11311
2572
7665
19950
30139
17256
21354
7681
5511
12311
25692
30906
30185
8383
25003
32432
24561
16102
17193
10477
2681
7434
19324
15470
3569
11394
16077
31063
18663
13586
22582
502
345
10833
10728
13694
20155
31419
21535
31359
6342
13462
16071
13608
14087
7301
16875
25917
32035
4589
26850
10198
16362
23819
15416
6365
7971
17106
15965
20549
8210
31366
1808
30475
25801
24857
10633
12269
3123
1608
20841
20461
1762
28533
16994
8836
27795
11331
9894
13735
7815
6387
22545
27003
17025
27265
4117
16343
25245
24702
10857
10109
15831
14508
26225
16152
5463
16475
21356
19445
638
8070
21344
24706
8625
14765
24773
28295
7656
16496
755
16678
26869
21488
7501
6803
11412
19685
1323
29076
16440
3199
2697
2744
12176
28158
24433
26967
7643
13840
2600
21581
4593
7150
19995
27253
30476
18485
14215
743
24155
25989
13803
21746
19781
7899
28975
9176
9341
10159
17809
27212
27594
10700
4692
16812
3732
13555
18215
254
21806
3119
23638
20396
9957
27895
8626
10239
24780
11269
4161
1373
19781
17401
2726
14915
2128
12716
14415
10752
23699
14933
26465
25143
25901
30558
8547
20498
59
17412
24236
3399
24102
26801
1165
204
14771
8217
6719
20313
1224
21014
24715
22433
5631
8260
14396
13905
8940
8284
836
3525
4911
24657
27824
3469
30776
4141
17229
30114
13789
28072
21272
4456
10141
19853
26983
26211
20146
24269
28632
4793
21720
864
18941
5996
28640
23263
25028
2643
29171
23267
3751
27613
4775
4379
17305
7301
15555
27439
12204
11796
27858
8280
15746
3226
27754
6332
7546
15146
30266
28298
18070
8280
3797
25818
6702
7796
7744
28738
5718
29571
5692
11575
17168
7425
12628
24618
17970
15193
5799
23390
18966
12576
28275
26251
8963
31253
13157
1077
24414
30169
19619
12489
11920
8815
15509
30588
19127
626
28791
30947
20748
11032
31904
16211
13591
13802
20879
31990
14996
4672
13754
4018
8739
29310
4119
26298
29875
20753
20327
9712
6573
18729
31301
8961
9184
16180
13298
6207
303
5405
16861
10557
30972
26185
24053
5420
9555
1870
25007
13048
21207
17777
5590
4898
29549
8678
13078
25436
4010
1222
24390
28646
25341
9168
13177
24235
3740
6368
5827
26
3887
25647
31179
20933
24895
22096
16149
3772
93
7654
23564
27048
11538
29990
32466
19622
9610
11024
17608
15081
15615
1132
19932
12302
32230
12423
14485
6462
17116
19883
21216
17414
29263
14687
2968
24310
18668
10339
28887
26619
24268
17002
18175
9340
21342
15765
1158
32567
19474
13748
16005
26586
12747
15163
20992
4193
22786
22022
22003
9266
186
30669
8737
21754
21543
6757
30364
22853
23325
1468
4115
14560
1338
31122
13534
750
15314
14072
1739
18892
9887
9609
9638
166
3877
4203
28298
5846
3815
14085
25578
27904
29771
11645
2654
32750
2638
18681
17967
25900
12008
5009
1441
30051
25660
1046
17411
16502
18568
30085
12663
10078
8391
6729
2946
14278
25126
26420
29266
9574
26158
12860
18131
32031
13738
245
23920
28123
5725
17106
4521
17187
18277
29467
1625
28029
6253
24237
7877
13451
18326
2421
31844
28388
21027
28587
3441
23473
9190
7886
30769
