713
1243
24481
19889
8797
28612
5433
2983
7498
17412
13949
3927
16361
26792
23258
1386
3726
6846
9601
21392
4744
25206
1299
32562
3524
29943
26253
17382
3166
11247
13914
8685
1542
17361
10536
4486
17581
8669
9073
29790
27322
11503
3604
4493
6487
5456
15868
16316
17844
23028
9930
22504
9701
27000
9959
19666
19357
27722
1174
20679
12018
8519
7019
21044
1362
23295
7435
24818
19099
21731
20987
25498
1088
22841
27338
12415
20004
18604
20089
25997
29606
1496
10192
7844
4500
2602
2687
22066
9112
20208
29941
24520
1249
22031
10588
15168
22051
14116
31162
32292
19537
24273
30644
18389
1351
14526
30051
27618
24453
13735
1253
1500
11115
14085
16133
25870
32191
11371
26545
2964
1809
22490
25092
31622
30805
27183
14323
20052
15503
14754
17229
23786
31422
17793
10410
4529
3514
1110
8153
28898
9095
2616
12655
14512
13019
24070
2188
23358
25981
7816
12872
5521
21950
1526
6597
6412
23070
4396
16824
30377
9023
14075
10368
9880
25098
25199
5914
32145
20781
193
29437
20660
28696
18944
10469
9068
10074
16630
300
16222
15630
6663
6453
16492
232
18365
32100
23511
853
4869
3362
24145
29945
22878
26399
17581
23176
28059
18116
868
9865
6338
25008
8473
25719
9854
12879
10949
31279
3055
25271
5120
28267
5067
23076
11655
2717
4723
26719
23409
23736
1012
0
7859
10559
19740
16424
16116
16440
1433
24450
24235
18428
7731
29997
13449
17644
22740
24066
16177
9279
9267
13583
21322
23450
18760
9329
15602
11756
24992
6866
6872
22226
24606
329
15941
6098
24289
15423
13884
32729
10546
31269
14400
10707
13000
23971
7625
16545
13413
26847
15847
16259
20187
16641
4880
9823
8235
19883
22805
9784
30605
11968
17288
8182
902
12848
8849
27717
26048
2229
29748
21396
769
29074
16998
27320
10064
24638
10431
17257
12104
9821
5269
18281
15700
26267
19813
14410
22466
8258
3156
12341
10917
30378
5145
28345
16092
21508
2475
23785
30115
8189
15585
6346
15904
12297
8952
22822
6746
17781
19810
7178
23023
8471
19130
30375
19303
22189
21785
14662
3528
17395
17051
28696
87
10954
7811
32290
30323
20070
23518
29939
17041
7563
7659
9600
12928
20984
8303
26957
19275
28206
1562
11519
6136
11859
28661
20239
24201
6207
19121
23926
560
27083
22884
13387
24946
22770
12623
18317
2282
4300
13223
15561
23105
2779
7170
12591
16884
3772
16584
17203
68
7236
27262
362
18925
7942
17892
8582
2837
1488
8883
31863
8155
5278
21655
10638
1945
15473
22608
10543
22585
30886
17497
518
4961
7238
25929
22632
32149
10739
9396
14535
20563
7808
15875
2427
30350
21500
23906
26676
1786
21619
6322
10647
21257
16067
24411
14184
1247
3450
1819
30110
24486
23887
17109
28980
18399
32672
16313
29709
26334
26360
7246
1861
2812
21258
12675
17315
26604
25009
21018
25160
32723
13726
28082
16549
26423
14724
21252
5457
18448
21741
19462
31511
5550
10414
1461
16113
17474
27356
11978
10898
12325
15681
10494
6060
10619
15084
3944
5342
17895
9673
2414
19011
30702
13425
12454
452
7709
11091
13708
3079
3560
15578
10788
12628
19763
25147
23093
6897
12963
19780
10256
32611
15023
7432
23362
20868
21186
27954
4812
7156
9240
8222
30777
8551
12874
11309
28881
6749
2170
8804
28895
18120
28206
2721
12119
20571
6222
9857
3644
569
21400
3819
20004
1631
31702
25175
25961
20288
28337
2915
17925
4789
31599
26289
27775
30511
27801
1750
9944
14983
24549
7791
15801
2652
16079
4081
18532
3029
4165
19351
29489
4747
17180
602
27403
30775
13587
2419
7845
20618
22376
13458
9162
1476
6050
28476
170
23368
21604
25411
12657
15462
25929
21652
14884
22427
22730
17933
24161
27061
20230
12737
6961
11390
5859
21620
10611
3655
15151
11580
28344
1666
13469
24472
8091
17981
11257
7798
6720
20924
16871
2661
22173
6758
23841
9933
29713
18624
16821
17581
4131
7470
2641
16332
31757
15274
18567
29567
28306
29607
4909
31137
14867
21651
13111
27402
13156
27421
27445
30363
26575
23197
19834
30713
1907
22503
28863
18692
21144
1942
7538
30217
5853
28231
18427
315
23182
30893
30821
26138
27600
27900
4384
14126
21279
8314
8128
16890
20127
31889
6900
8319
28109
10926
12390
10441
316
19035
2169
28955
6323
5744
3316
16416
8607
3916
6988
21334
23225
11508
20163
22660
32210
24088
10791
18753
18329
24219
31876
16732
6941
30088
2653
9148
15012
29433
16101
32744
21721
4300
25857
25083
7157
6101
15999
30170
6864
21177
27082
15339
27564
28544
21770
22673
18746
9658
10467
21785
23075
4097
3821
712
22589
20044
23455
7570
8478
23808
24243
20449
22109
9286
7246
11178
25148
29870
21314
965
6125
29253
18255
31979
15585
25016
13250
4007
7300
5213
18346
29427
3439
17421
8087
21653
7390
30643
10675
362
12220
9128
21072
31565
4874
11120
20705
16235
4871
28656
28231
26081
17179
17166
1685
177
6308
9957
11267
3286
29232
7291
10115
11475
17183
12417
24597
791
9992
25101
19192
17928
31828
25932
10206
31497
19514
25387
29934
30517
13693
11249
21102
11476
3833
4065
8592
10826
17737
24045
3874
2504
31353
1548
9142
27342
1365
6700
12173
21275
32314
15879
14209
4869
19455
15879
31297
32293
31368
26847
17615
14429
23919
13600
21725
15762
23504
14445
31090
6981
23941
5315
12376
7403
24649
31167
13599
7277
26706
14968
30570
15013
13407
32661
24090
4432
19237
3524
21735
2649
14937
6980
19096
27078
11328
26181
1136
20216
7709
23123
18555
30004
13225
6842
4830
26976
28079
26168
3338
20108
13005
23497
18816
5830
32348
19867
10948
16682
22550
19488
22420
17575
20374
6000
3039
9562
30719
25594
3934
17285
30158
5470
4429
10552
28747
25717
2815
6552
30634
560
17997
17868
27418
19608
20942
23580
30984
11873
29878
20200
19928
7048
25182
19355
25424
14355
11616
16961
2224
7893
26291
195
18650
31960
3687
4022
22488
13634
26582
810
32408
16967
566
8490
1587
5781
12812
22471
12236
17534
25334
25491
10266
17572
23181
2762
8986
30695
10625
13118
15176
22904
19914
3026
21955
30805
25081
27207
12668
22641
4541
28820
6284
22001
20725
22997
32570